ventas;Gasto publicidad en TV;Gasto publicidad en Redesedes;Precio prom_produc temporada;temporada
48,23003282;51,86201957;5,936020207;25,19377728;Verano
71,59448997;25,90568315;22,10960934;16,47126061;Verano
34,00194851;41,47372051;27,90863434;28,19777978;Primavera
55,95860335;24,90122545;7,061158205;13,34359754;Primavera
35,78709253;36,4214397;24,16026262;23,35768384;Primavera
40,61266238;24,02783137;14,40778625;31,47262059;Otoño
36,50241121;11,31019466;13,4672943;20,36756802;Primavera
61,37193548;60,77579632;22,92730596;22,4101916;Primavera
51,82853936;28,24413959;32,74664684;26,65812174;Verano
59,11884285;95,40944622;35,16210191;29,73420367;Otoño
84,44097859;81,53904388;28,21697637;26,48308546;Verano
69,195299;68,3977493;46,56290196;27,56698872;Primavera
72,9046983;68,68906242;46,27601252;28,74977048;Otoño
65,90873882;73,03414464;22,74765058;30,44974549;Verano
58,16614998;33,76298515;13,04590114;20,96773409;Primavera
86,33924329;83,83479419;48,25334323;30,45370336;Verano
74,83336873;38,62770032;24,82078341;15,88291969;Verano
22,53842176;10,59239633;22,5958387;21,47910121;Invierno
54,31134749;95,46300431;8,269790051;25,0686818;Otoño
78,50807644;48,8913711;43,64356637;14,7267476;Verano
64,39584043;58,77367368;15,11975927;29,53034162;Verano
77,9905585;68,98109181;27,27824618;21,82774008;Primavera
58,15584851;26,59129201;40,40585958;23,60182147;Otoño
60,92402654;52,16446524;23,12840355;20,2566284;Verano
57,50619115;49,33358446;20,28829115;18,65402799;Invierno
40,05329355;54,95418525;12,88881191;28,9318048;Primavera
55,8280977;37,22810976;47,81173409;27,16714871;Otoño
83,92577518;44,63623845;34,33210111;32,39634957;Verano
79,69889666;98,89564605;16,83614486;25,15591316;Otoño
44,95430044;28,39358217;17,24811671;19,48112409;Otoño
70,62879169;56,77246989;44,59679073;26,60394487;Verano
50,38272625;34,00218188;27,28081784;19,83213903;Primavera
58,06462402;14,0731838;34,19069602;25,88032058;Verano
47,03283222;38,10495969;44,89244536;29,83163758;Verano
70,15298286;82,41446703;16,65206169;25,65558699;Primavera
95,42043385;99,15911103;13,86479088;23,40981886;Verano
40,68792097;39,41417783;12,99846456;27,18262973;Verano
76,11909997;89,21065565;48,89070109;34,43805992;Verano
84,96013345;74,15986901;40,31043536;14,34926241;Verano
43,42619588;47,79079694;36,26448828;24,51291661;Invierno
92,31478233;99,666297;33,34632709;25,60651351;Primavera
93,82228063;93,04043569;39,82436137;23,99286352;Verano
52,57492851;40,94361553;21,86461021;22,11856529;Otoño
76,49183409;99,75516393;39,97244312;23,83877878;Primavera
61,1822312;94,88622576;7,652178102;23,65765994;Otoño
78,49606228;81,93931443;45,01369452;35,52145148;Otoño
51,15884765;47,68817625;12,3421393;25,47965136;Otoño
80,88124591;79,74292243;26,66927205;24,82304576;Otoño
73,08084497;47,2203926;31,06055148;23,99760295;Verano
51,30088861;43,24983695;41,71066874;22,22453274;Otoño
34,12417972;16,94804322;33,02979019;24,36536222;Primavera
56,14396456;85,90768314;24,52073503;35,75060002;Otoño
53,58593259;51,19896817;40,68386448;22,80173808;Invierno
29,94392091;55,50444472;7,31384471;36,11511152;Otoño
80,54859209;62,1072641;24,90324649;22,32226333;Primavera
60,99920292;22,2527914;47,57901504;28,63758693;Verano
49,11123025;39,49996851;30,32645348;20,81721856;Primavera
75,26534624;69,42967595;40,95984399;28,67242838;Verano
49,6862158;34,77798358;39,83614916;19,13163714;Primavera
57,30725693;10,86023094;37,98524751;27,00608383;Verano
84,88427696;75,50852873;30,50475785;20,70281929;Invierno
31,20677101;20,33443011;11,70059828;24,34078555;Otoño
94,43889619;89,10890269;30,11606102;24,63471301;Verano
35,56780244;27,14732734;25,2493038;28,13878274;Primavera
60,73115132;62,06064643;19,87881665;30,60500532;Primavera
57,03182687;65,10737293;9,737692384;24,08465198;Otoño
43,554277;27,18190905;49,76851;28,45412698;Otoño
34,98316893;35,50037622;11,4898437;29,35329699;Primavera
17,700823;18,45057128;10,20181295;28,35635562;Otoño
72,52689955;58,21248153;5,979848084;24,39237029;Verano
59,7618683;27,31148635;46,5154944;25,58460671;Verano
110,8239409;98,82440621;37,56557601;24,79310195;Verano
55,05141809;32,86217634;41,69505478;27,41084573;Verano
43,41249287;53,61906139;18,26588029;29,54157741;Verano
33,6561663;38,70866067;35,24778833;27,1629157;Primavera
44,84842608;44,5178776;33,56685031;32,11108543;Invierno
91,14925246;62,62049305;46,20416825;22,20965735;Verano
43,87055341;32,73479752;5,784034192;25,25975776;Verano
31,35288748;21,58136296;46,92958704;37,72252211;Verano
73,82151709;68,17164019;45,30017224;28,48756053;Verano
39,17742853;49,84475223;6,123148032;38,09862243;Verano
16,53807042;22,13373555;43,54778379;34,51980286;Primavera
58,1682446;71,50201558;18,04870009;25,12553647;Otoño
96,50652419;90,72962411;15,98577117;24,75138747;Verano
86,65000443;93,97664625;19,79074625;20,80158337;Invierno
51,23800264;79,24718946;37,23498758;36,15442515;Primavera
37,74864001;16,74853459;7,1741307;31,06086516;Primavera
49,61223388;49,04656931;13,2212289;24,80776737;Verano
41,54594356;49,10405701;24,46917451;26,37635448;Primavera
58,43018446;76,16073332;38,55648112;29,41199254;Otoño
70,16188759;57,75076868;49,28896483;19,33364779;Otoño
75,50253085;59,33489717;46,75332705;25,45600842;Otoño
56,51083189;48,22665016;21,44956048;25,47396664;Verano
63,99691789;49,28717049;17,25680218;15,51414597;Verano
54,67214766;20,29556974;30,02355781;20,49213577;Verano
78,92248192;51,45181831;17,13205001;21,02618001;Verano
96,40737989;97,16967833;41,57227878;22,10019851;Verano
43,50052562;72,95271805;8,234453212;27,35207343;Otoño
74,32537429;97,1178163;44,93111637;25,96704918;Verano
73,89322491;98,50513942;27,37268429;27,22299666;Otoño
